0 StartingPoint 
1 dist Kasimpasa 6000 5000 200 1000 3000 9000 16000 25000 NULL
2 PublicFund
3 dist Dolapdere 6000 5000 400 2000 6000 18000 32000 45000 NULL
4 IncomeTax 20000
5 soot HaydarpasaTrainStation 20000 300
6 dist Sultanahmet 10000 5000 600 3000 9000 27000 40000 55000 NULL
7 Chance 
8 dist Karakoy 10000 5000 600 3000 9000 27000 40000 55000 NULL
9 dist Sirkeci 12000 5000 800 4000 10000 30000 35000 60000 NULL
10 Prison(Visitor)
11 dist Beyoglu 14000 10000 1000 5000 15000 45000 62500 75000 NULL
12 soot PowerAdministration 15000 200
13 dist Besiktas 14000 10000 1000 5000 15000 45000 62500 75000 NULL
14 dist Taksim 16000 10000 1200 6000 18000 50000 70000 90000 NULL
15 soot KadikoyFerryPort 20000 100
16 dist Harbiye 18000 10000 1400 7000 20000 55000 75000 95000 NULL
17 PublicFund
18 dist Sisli 18000 10000 1400 7000 20000 55000 75000 95000 NULL
19 dist Mecidiyekoy 20000 10000 1600 8000 22000 60000 80000 100000 NULL
20 FreeParking
21 dist Bostanci 22000 15000 1800 9000 25000 70000 87500 105000 NULL
22 Chance
23 dist Erenkoy 22000 15000 1800 9000 25000 70000 87500 105000 NULL
24 dist Caddebostan 24000 15000 2000 10000 30000 75000 92500 110000 NULL
25 soot KabatasFerryPort 20000 100
26 dist Nisantasi 26000 15000 2200 11000 33000 80000 97500 115000 NULL
27 dist Tesvikiye 26000 15000 2200 11000 33000 80000 97500 115000 NULL
28 soot WaterAdministration 15000 100
29 dist Macka 28000 15000 2400 12000 36000 85000 102500 120000 NULL
30 Prison 
31 dist Levent 30000 20000 2600 13000 39000 90000 110000 127500 NULL
32 dist Etiler 30000 20000 2600 13000 39000 90000 110000 127500 NULL
33 PublicFund
34 dist Bebek 32000 20000 2800 15000 45000 100000 120000 140000 NULL
35 soot SirkeciTrainStation 20000 100
36 Chance
37 dist Tarabya 35000 20000 3500 17500 50000 110000 130000 150000 NULL
38 LuxuryTax 10000
39 dist Yenikoy 40000 20000 5000 20000 60000 140000 170000 200000 NULL